-1.8678956542905435e-14,
 0.002168736035001971,
 0.008674867695273689,
 0.019518165784983194,
 0.034698248770497014,
 0.05421458346731803,
 0.07806648599846833,
 0.10625312301959644,
 0.1387735132059617,
 0.17562652899651238,
 0.2168108985861118,
 0.26232520815943117,
 0.3121679043580967,
 0.3663372969695614,
 0.4248315618291404,
 0.48764874392370217,
 0.5547867606846618,
 0.6262434054580998,
 0.7020163511406288,
 0.782103153965319,
 0.8665012574265505,
 0.9552079963290581,
 1.048220600946628,
 1.1455362012777794,
 1.2471518313828045,
 1.353064433790016,
 1.4632708639556018,
 1.5777678947640048,
 1.6965522210567592,
 1.8196204641733735,
 1.946969176495723,
 2.078594845979639,
 2.2144939006652535,
 2.3546627131519484,
 2.4990976050287723,
 2.6477948512497704,
 2.8007506844444863,
 2.9579612991538284,
 3.119422855984878,
 3.2851314856750715,
 3.4550832930592565,
 3.6292743609340645,
 3.8077007538126155,
 3.990358521564776,
 4.177243702939975,
 4.36835232896653,
 4.563680426225536,
 4.7632240199977405,
 4.966979137278905,
 5.174941809664163,
 5.38710807610093,
 5.603473985507405,
 5.824035599259638,
 6.0487889935460455,
 6.277730261590291,
 6.51085551574619,
 6.7481608894613885,
 6.989642539118673,
 7.2352966457507435,
 7.485119416635871,
 7.73910708677479,
 7.99725592025179,
 8.25956221148633,
 8.526022286373646,
 8.796632503323037,
 9.07138925419386,
 9.350288965135,
 9.633328097330356,
 9.9205031476559,
 10.211810649250635,
 10.507247172006755,
 10.80680932298069,
 11.110493746732484,
 11.41829712559419,
 11.730216179872865,
 12.04624766799075,
 12.366388386567966,
 12.690635170450182,
 13.01898489268364,
 13.351434464444242,
 13.687980834921433,
 14.028620991160231,
 14.373351957865495,
 14.722170797171447,
 15.075074608378774,
 15.432060527661037,
 15.793125727746226,
 16.158267417572876,
 16.527482841924147,
 16.900769281043473,
 17.278124050230844,
 17.659544499426193,
 18.04502801277757,
 18.434572008198653,
 18.828173936916038,
 19.22583128300854,
 19.62754156294049,
 20.033302325088812,
 20.44311114926627,
 20.856965646243317