-1.6763147738309705e-14,
 0.0014802573072959548,
 0.0059210051791891705,
 0.01332217148059242,
 0.023683636038323727,
 0.037005230719027636,
 0.05328673953737016,
 0.07252789879553702,
 0.09472839725346885,
 0.11988787632848112,
 0.14800593032589754,
 0.17908210669955466,
 0.21311590633985458,
 0.250106783892474,
 0.2900541481049923,
 0.33295736220153216,
 0.37881574428365145,
 0.4276285677599474,
 0.47939506180056213,
 0.5341144118177722,
 0.5917857599707128,
 0.6524082056958183,
 0.715980806259344,
 0.7825025773322768,
 0.8519724935898464,
 0.9243894893284261,
 0.9997524591056415,
 1.078060258398379,
 1.159311704280422,
 1.2435055761168603,
 1.3306406162758053,
 1.4207155308559893,
 1.513728990429911,
 1.6096796308000285,
 1.7085660537690006,
 1.8103868279215147,
 1.9151404894185728,
 2.02282554280082,
 2.133440461802263,
 2.2469836901724394,
 2.3634536425057333,
 2.4828487050781822,
 2.6051672366896512,
 2.7304075695107746,
 2.8585680099350474,
 2.9896468394323303,
 3.123642315406552,
 3.2605526720532647,
 3.4003761212202255,
 3.5431108532648836,
 3.688755037912874,
 3.8373068251152014,
 3.988764345901761,
 4.143125713232071,
 4.300389022843248,
 4.46055235409192,
 4.6236137707923834,
 4.789571322047653,
 4.9584230430752285,
 5.1301669560260486,
 5.304801070794104,
 5.48232338582044,
 5.662731888886669,
 5.846024557900665,
 6.032199361671887,
 6.221254260677478,
 6.413187207817026,
 6.607996149158199,
 6.8056790246695265,
 7.0062337689429715,
 7.209658311903871,
 7.4159505795100955,
 7.625108494437125,
 7.83712997675272,
 8.052012944576827,
 8.269755314729844,
 8.49035500336726,
 8.713809926601318,
 8.940118001108747,
 9.169277144726056,
 9.401285277029007,
 9.636140319901592,
 9.873840198088569,
 10.114382839734866,
 10.35776617691258,
 10.603988146132444,
 10.853046688841385,
 11.104939751908745,
 11.359665288095503,
 11.617221256512073,
 11.877605623062017,
 12.140816360870808,
 12.406851450703712,
 12.675708881367882,
 12.947386650102514,
 13.22188276295568,
 13.499195235147669,
 13.779322091422248,
 14.062261366384567,
 14.348011104826883